amostra,largura,altura,area
folha 42,169.12,226.74,19576
folha 64,62.39,155.03,6890
folha 59,123.91,181.34,12963
folha 32,200.93,209.19,19939
folha 61,37.85,107.0,3207
folha 34,116.18,161.12,11535
folha 13,134.42,146.51,8795
folha 70,66.04,107.23,4341
folha 101,32.56,127.04,3003
folha 52,57.14,95.19,2946
folha 43,71.84,116.28,1568
folha 55,54.82,121.07,3241
folha 35,40.31,112.0,3180
folha 65,70.04,153.47,5226
folha 11,159.18,165.58,10390
folha 27,208.58,232.69,24104
folha 91,36.88,75.33,2054
folha 99,159.01,225.14,18485
folha 36,36.5,105.04,2552
folha 38,48.3,115.0,3132
folha 49,86.58,168.86,10224
folha 75,45.01,77.06,2725
folha 21,129.02,144.18,8898
folha 46,34.01,88.28,2330
folha 3,146.99,223.9,19529
folha 77,68.07,121.04,5769
folha 81,77.0,113.0,6265
folha 1,115.38,139.95,10104
folha 84,42.19,86.37,2724
folha 92,41.88,100.0,2588
folha 104,54.08,147.0,5370
folha 95,44.28,88.57,2808
folha 58,48.17,109.17,3881
folha 40,39.62,109.55,2836
folha 62,56.32,156.12,5682
folha 82,44.41,196.06,5612
folha 45,21.59,47.04,800
folha 6,120.34,132.0,9574
folha 53,55.36,131.0,5560
folha 47,58.22,129.4,5354
folha 37,37.64,104.12,2621
folha 63,61.19,118.27,4788
folha 25,197.65,203.08,30248
folha 102,36.5,134.03,3316
folha 26,163.23,210.34,20107
folha 56,86.54,189.52,9532
folha 71,48.47,150.56,4735
folha 48,52.09,125.03,4226
folha 20,139.03,160.08,12162
folha 41,166.29,234.03,16981
folha 93,164.02,219.04,12976
folha 88,71.34,84.17,2142
folha 80,160.65,225.73,16881
folha 14,187.0,223.57,32568
folha 33,84.93,108.47,5678
folha 19,171.47,200.63,19623
folha 54,50.49,110.22,3660
folha 96,50.16,75.24,3134
folha 2,197.34,223.57,30871
folha 5,204.41,213.79,33660
folha 74,66.01,125.4,6583
folha 39,119.36,226.74,17626
folha 8,198.57,226.74,31158
folha 24,207.4,216.53,36432
folha 57,106.44,175.35,3289
folha 12,43.01,90.45,2950
folha 79,47.38,149.01,4686
folha 87,61.4,129.0,4280
folha 66,54.57,114.07,4647
folha 73,58.42,96.01,4028
folha 86,56.32,115.0,4517
folha 16,181.73,199.9,26952
folha 90,56.61,118.0,3673
folha 83,52.24,110.45,3690
folha 76,41.01,94.01,3116
folha 4,67.12,99.05,4480
folha 31,197.8,235.59,29645
folha 67,44.38,128.04,3567
folha 94,48.26,99.08,3556
folha 30,125.13,128.0,10683
folha 105,51.79,95.34,3140
folha 29,143.13,154.56,11049
folha 17,75.11,100.4,5482
folha 103,61.03,104.17,4070
folha 97,40.8,85.01,2304
folha 98,61.07,117.72,5058
folha 85,36.88,73.17,1952
folha 60,45.0,119.85,2738
folha 18,234.34,235.47,40309
folha 100,63.13,110.07,4524
folha 10,188.16,206.12,25517
folha 69,44.64,106.17,3335
folha 15,219.02,224.08,37515
folha 51,171.19,223.0,20275
folha 50,50.25,154.0,3372
folha 78,33.11,93.01,1866
folha 44,35.13,81.0,2030
folha 72,44.91,144.0,4522
folha 9,104.4,111.46,7307
folha 28,211.25,213.47,31818
folha 89,86.56,99.46,3846
folha 22,195.0,206.02,26185
folha 68,22.02,96.08,1199
folha 7,75.43,97.02,4106
folha 23,228.97,234.03,39145
